%YAML:1.0
---
cameracorretIntri: !!opencv-matrix
   rows: 3
   cols: 3
   dt: d
   data: [ 3.1690043560128976e+02, 0., 1.8861473972788158e+03, 0.,
       3.1691813684278242e+02, 1.0155844789203933e+03, 0., 0., 1. ]
cameracorretDist: !!opencv-matrix
   rows: 4
   cols: 1
   dt: d
   data: [ 0., 0., 0., 0. ]
R: !!opencv-matrix
   rows: 3
   cols: 1
   dt: d
   data: [ 1.7867184284406550e+00, -9.5247405825423098e-03,
       -1.0570488589055705e-02 ]
T: !!opencv-matrix
   rows: 3
   cols: 1
   dt: d
   data: [ 1.7986168787313126e+01, 1.2155558454436375e+03,
       -2.4501602030689628e+03 ]
RM: !!opencv-matrix
   rows: 3
   cols: 3
   dt: d
   data: [ 9.9992299517247463e-01, -6.9435373338541054e-04,
       -1.2390383295105688e-02, -1.2251382593102773e-02,
       -2.1426904206284111e-01, -9.7669784541485993e-01,
       -1.9767017640804282e-03, 9.7677443429195321e-01,
       -2.1426104910545576e-01 ]
TRM: !!opencv-matrix
   rows: 3
   cols: 3
   dt: d
   data: [ 9.9992299517247463e-01, -1.2251382593102773e-02,
       -1.9767017640804282e-03, -6.9435373338541054e-04,
       -2.1426904206284111e-01, 9.7677443429195321e-01,
       -1.2390383295105688e-02, -9.7669784541485993e-01,
       -2.1426104910545576e-01 ]
TTM: !!opencv-matrix
   rows: 3
   cols: 1
   dt: d
   data: [ -7.9357800353613897e+00, 2.6537223216178850e+03,
       6.6247973516553202e+02 ]
DTOIMGH: !!opencv-matrix
   rows: 3
   cols: 3
   dt: d
   data: [ -1.2404085066748029e-01, -7.4939877359294238e-01,
       1.8834281408828697e+03, 2.8527767755195362e-03,
       -3.7609759269714943e-01, 8.6020152423809429e+02,
       1.2961197165618691e-06, -3.9746437472872547e-04, 1. ]
IMGTODH: !!opencv-matrix
   rows: 3
   cols: 3
   dt: d
   data: [ -7.0409253084262380e-01, 2.1103808378697943e-02,
       1.3073516517500977e+03, -3.3343213611510471e-02,
       -2.5972071266343826e+00, 2.2940920982798284e+03,
       -1.2629846961161280e-05, -1.0324408936134169e-03,
       9.9999999999999989e-01 ]
