%YAML:1.0
---
cameracorretIntri: !!opencv-matrix
   rows: 3
   cols: 3
   dt: d
   data: [ 3.1690043560128976e+02, 0., 1.8861473972788158e+03, 0.,
       3.1691813684278242e+02, 1.0155844789203933e+03, 0., 0., 1. ]
cameracorretDist: !!opencv-matrix
   rows: 4
   cols: 1
   dt: d
   data: [ 0., 0., 0., 0. ]
R: !!opencv-matrix
   rows: 3
   cols: 1
   dt: d
   data: [ 1.7207119364360870e+00, 1.6871980837940863e+00,
       -7.9046032880928474e-01 ]
T: !!opencv-matrix
   rows: 3
   cols: 1
   dt: d
   data: [ -7.8692572463606996e+02, 1.6004305483207029e+03,
       -8.1699413413518002e+01 ]
RM: !!opencv-matrix
   rows: 3
   cols: 3
   dt: d
   data: [ 1.6531579920607609e-02, 9.9984054936443290e-01,
       -6.7514970160382770e-03, 6.4510633987931976e-01,
       -1.5824814074393179e-02, -7.6392891390954598e-01,
       -7.6391394614369768e-01, 8.2735183652359878e-03,
       -6.4526508644201719e-01 ]
TRM: !!opencv-matrix
   rows: 3
   cols: 3
   dt: d
   data: [ 1.6531579920607609e-02, 6.4510633987931976e-01,
       -7.6391394614369768e-01, 9.9984054936443290e-01,
       -1.5824814074393179e-02, 8.2735183652359878e-03,
       -6.7514970160382770e-03, -7.6392891390954598e-01,
       -6.4526508644201719e-01 ]
TTM: !!opencv-matrix
   rows: 3
   cols: 1
   dt: d
   data: [ -1.0818500890481641e+03, 8.1280270629259269e+02,
       1.1645844648260338e+03 ]
DTOIMGH: !!opencv-matrix
   rows: 3
   cols: 3
   dt: d
   data: [ 2.1986900898697517e+01, -5.0591667455699429e+00,
       5.6913248821497564e+03, 8.6702871148502680e+00,
       -1.2060953392904434e-02, -6.9577293647861798e+03,
       1.1716362228333763e-02, -9.1500291582735511e-05, 1. ]
IMGTODH: !!opencv-matrix
   rows: 3
   cols: 3
   dt: d
   data: [ -1.7747211724667058e-02, 1.2700492060917171e-01,
       7.8305053235775881e+02, -2.0512273540243751e+00,
       -1.0164286856844511e+00, 4.6031500243677574e+03,
       -1.3549134214885943e-05, -1.3135673423881123e-03, 1. ]
