%YAML:1.0
---
cameracorretIntri: !!opencv-matrix
   rows: 3
   cols: 3
   dt: d
   data: [ 3.1690043560128976e+02, 0., 1.8861473972788158e+03, 0.,
       3.1691813684278242e+02, 1.0155844789203933e+03, 0., 0., 1. ]
cameracorretDist: !!opencv-matrix
   rows: 4
   cols: 1
   dt: d
   data: [ 0., 0., 0., 0. ]
R: !!opencv-matrix
   rows: 3
   cols: 1
   dt: d
   data: [ -2.2217514443862777e-02, -2.8034275980143275e+00,
       1.3720411282907214e+00 ]
T: !!opencv-matrix
   rows: 3
   cols: 1
   dt: d
   data: [ -8.6612626988150154e+00, 2.3172155804477111e+03,
       -1.3742722335041442e+03 ]
RM: !!opencv-matrix
   rows: 3
   cols: 3
   dt: d
   data: [ -9.9969175416891842e-01, 3.8434008414853990e-03,
       -2.4528043473590951e-02, 2.1727320246845191e-02,
       6.1347615838299274e-01, -7.8941429341666791e-01,
       1.2013334323231381e-02, -7.8970388840730532e-01,
       -6.1337056371562282e-01 ]
TRM: !!opencv-matrix
   rows: 3
   cols: 3
   dt: d
   data: [ -9.9969175416891842e-01, 2.1727320246845191e-02,
       1.2013334323231381e-02, 3.8434008414853990e-03,
       6.1347615838299274e-01, -7.8970388840730532e-01,
       -2.4528043473590951e-02, -7.8941429341666791e-01,
       -6.1337056371562282e-01 ]
TTM: !!opencv-matrix
   rows: 3
   cols: 1
   dt: d
   data: [ -4.2495886105843709e+01, -2.5067913502623487e+03,
       9.8609252174204619e+02 ]
DTOIMGH: !!opencv-matrix
   rows: 3
   cols: 3
   dt: d
   data: [ 2.1149688249086421e-01, 1.0748623029509385e+00,
       1.8892939141153070e+03, -1.2841161935381569e-02,
       4.3822869413917387e-01, 4.8443218410091663e+02,
       -7.9069466972546096e-06, 5.7014148882284031e-04, 1. ]
IMGTODH: !!opencv-matrix
   rows: 3
   cols: 3
   dt: d
   data: [ 1.5019720697802734e+00, 2.3683124894969459e-02,
       -2.8502867332028632e+03, 1.0600863105014369e-01,
       2.0901904745522715e+00, -1.2032700492884644e+03,
       -4.3374036139168693e-05, -1.1966177596840493e-03, 1. ]
