%YAML:1.0
---
cameracorretIntri: !!opencv-matrix
   rows: 3
   cols: 3
   dt: d
   data: [ 3.1690043560128976e+02, 0., 1.8861473972788158e+03, 0.,
       3.1691813684278242e+02, 1.0155844789203933e+03, 0., 0., 1. ]
cameracorretDist: !!opencv-matrix
   rows: 4
   cols: 1
   dt: d
   data: [ 0., 0., 0., 0. ]
R: !!opencv-matrix
   rows: 3
   cols: 1
   dt: d
   data: [ 1.6894596772669104e+00, -1.6848542312788164e+00,
       7.6894129990229632e-01 ]
T: !!opencv-matrix
   rows: 3
   cols: 1
   dt: d
   data: [ 7.9500089439181875e+02, 1.5813740939224103e+03,
       -9.7263519272267260e+01 ]
RM: !!opencv-matrix
   rows: 3
   cols: 3
   dt: d
   data: [ 1.4696742397266815e-02, -9.9957035041912090e-01,
       -2.5359817150454989e-02, -6.3579724429903473e-01,
       1.0232657927138122e-02, -7.7178828499368923e-01,
       7.7171618481450954e-01, 2.7466475469967166e-02,
       -6.3537368754190282e-01 ]
TRM: !!opencv-matrix
   rows: 3
   cols: 3
   dt: d
   data: [ 1.4696742397266815e-02, -6.3579724429903473e-01,
       7.7171618481450954e-01, -9.9957035041912090e-01,
       1.0232657927138122e-02, 2.7466475469967166e-02,
       -2.5359817150454989e-02, -7.7178828499368923e-01,
       -6.3537368754190282e-01 ]
TTM: !!opencv-matrix
   rows: 3
   cols: 1
   dt: d
   data: [ 1.0688091997857048e+03, 7.8114914849901311e+02,
       1.1788483962947275e+03 ]
DTOIMGH: !!opencv-matrix
   rows: 3
   cols: 3
   dt: d
   data: [ -1.8896437564552546e+01, 3.6289086396318884e+00,
       -1.4305395696081086e+03, -7.4615895903536922e+00,
       -2.9803618817561578e-01, -5.5984137888560763e+03,
       -9.9856799863613423e-03, -2.4921951975385325e-04, 1. ]
IMGTODH: !!opencv-matrix
   rows: 3
   cols: 3
   dt: d
   data: [ -4.4053715728521604e-02, -1.0924965951279973e-01,
       -6.1462227341122968e+02, 1.8847644072251784e+00,
       -1.0350157095542563e+00, -2.7806670353548170e+03,
       -3.7598164840925620e-05, -1.2387585858531997e-03, 1. ]
