DTOIMGH: !!opencv-matrix
   rows: 3
   cols: 3
   dt: d
   data: [ 9.6078919872715829e-02, 3.7984478412119704e-01,
       6.7176811959932411e+02, -1.0273559647656078e-04,
       1.5443579517981729e-01, 1.6100076711089713e+02,
       7.2171039227399751e-06, 5.6609934109434605e-04, 1. ]
IMGTODH: !!opencv-matrix
   rows: 3
   cols: 3
   dt: d
   data: [ 4.2613310473358021e+00, 5.4950317876614321e-02,
       -2.8773028018059663e+03, 8.9830168232323634e-02,
       6.1552021872895217e+00, -1.0548117090238238e+03,
       -7.7419988322590094e-05, -3.4744894519523764e-03, 1. ]
