DTOIMGH: !!opencv-matrix
   rows: 3
   cols: 3
   dt: d
   data: [ -7.7701834498851527e-02, -3.1444351316730390e-01,
       6.7667562256659016e+02, -7.5324831312253700e-04,
       -1.3769149770759789e-01, 2.4015947063634835e+02,
       -9.9737542400689613e-06, -4.6841167493419367e-04, 1. ]

IMGTODH: !!opencv-matrix
   rows: 3
   cols: 3
   dt: d
   data: [ -2.4808843625061776e+00, -1.9716309285306199e-01,
       1.7194239533445266e+03, -1.6092977056676361e-01,
       -6.8966012546843869e+00, 1.7453355499349091e+03,
       -9.2273830311767992e-05, -3.2123184718481804e-03,
       9.9999999999999989e-01 ]