DTOIMGH: !!opencv-matrix
   rows: 3
   cols: 3
   dt: d
   data: [ -6.4452076979484758e+01, 2.0309867965189003e+01,
       -1.1337185738536151e+04, -2.3134388302146341e+01,
       6.8264561066865570e-01, 2.8003769307996728e+04,
       -9.6754821267343902e-02, 3.9264130206281816e-03, 1. ]
IMGTODH: !!opencv-matrix
   rows: 3
   cols: 3
   dt: d
   data: [ -2.5706195863947906e-01, -1.2779839392653999e-01,
       1.3460094964208272e+03, -6.3097394766415773e+00,
       -2.7386244483356856e+00, 4.8597543999099607e+03,
       -5.4325749379726898e-05, -4.0280616491076178e-03, 1. ]