DTOIMGH: !!opencv-matrix
   rows: 3
   cols: 3
   dt: d
   data: [ -2.3861579738693353e+00, 5.9431137723140892e-01,
       2.6688519339014096e+02, -9.3666348357416507e-01,
       -7.1126631549249227e-03, -5.6139650014375593e+02,
       -3.5400364043628061e-03, 1.3720983106096465e-05, 1. ]
IMGTODH: !!opencv-matrix
   rows: 3
   cols: 3
   dt: d
   data: [ 6.7365331619199040e-03, -1.0065888531577063e+00,
       -6.0351988458488302e+02, 5.1500275252418097e+00,
       -2.5735754165563161e+00, -2.7855396353497977e+03,
       -6.3547749939744914e-05, -3.6286880931817663e-03, 1. ]